$ANSIBLE_VAULT;1.1;AES256
34666630336533373862373861623236643534666538616665376235383930613032393365616165
6164613965663561386462383937326261663964653736340a643438626430653930346664316662
36653464336435323634373364626137333630323061623339666562663437383737643539633065
6361636639393538330a353535323462636461326233616635363063393263396636613734656565
65326536346133613931316231653230383563383036656230363735633638326234346530656135
65613233656334306536383238646234316234396161663339316136653239626661643865363863
32363735616533343034356262663335316338623063396436336631613532643630383234393935
30656662616264633331363239316131356335383333646136363036326530373934386230643035
64386262366364336139333630353339393730346432373732663039376664323537623034643034
31623230363865376536393539656231393635386563393161666434613335396330653531343764
32376361393030303462666266326239306565356431393737313665363532626533303162353534
33363131623666333333373162376262643266646539656538373932343439666563316135663132
65626235363764306633393539343731646131656339616239646463646461336431363538386566
38303338643266393661376639333864313363613239353465343231356331613832353264313034
66376462323037613037393565613038336331633733323432383133633162393061333835343931
34643132633762656561646164393063356330393832373132643336356339636231346266643531
65633064613161366561346639333462353534633536656231643264616231336332623136333132
38363861326263333162373230646235623436636133306438626131633039316263626437643537
63666330333166346237373234363663643332363737343366366437643666623963366333663331
62646665663966313039303435373137376131366661326635323933626161373734663339656662
39663332393435666461646136306333626432316563643535646536613766643563303038346132
32323033396432626464663838393534303066636266333661336563323838326236656666643062
32653432626533666537393331323733613933353164306266626636303835313835613131303533
34653265313461373135396566636537643065306436633335303130323262343664363634663239
3765
